6 -1.000000000000000 -1.000000000000000
126 1.000000000000000 -1.000000000000000
76 1.000000000000000 1.000000000000000
113 0.0 1.000000000000000
93 0.0 0.0
135 -1.000000000000000 0.0
7 -0.800000000000000 -1.000000000000000
133 -0.600000000000000 -1.000000000000000
2 -0.400000000000000 -1.000000000000000
136 -0.200000000000000 -1.000000000000000
22 0.0 -1.000000000000000
73 0.200000000000000 -1.000000000000000
138 0.400000000000000 -1.000000000000000
97 0.600000000000000 -1.000000000000000
103 0.800000000000000 -1.000000000000000
60 1.000000000000000 -0.800000000000000
68 1.000000000000000 -0.600000000000000
101 1.000000000000000 -0.400000000000000
142 1.000000000000000 -0.200000000000000
128 1.000000000000000 0.0
8 1.000000000000000 0.200000000000000
50 1.000000000000000 0.400000000000000
123 1.000000000000000 0.600000000000000
18 1.000000000000000 0.800000000000000
56 0.800000000000000 1.000000000000000
16 0.600000000000000 1.000000000000000
48 0.400000000000000 1.000000000000000
112 0.200000000000000 1.000000000000000
43 0.0 0.800000000000000
67 0.0 0.600000000000000
49 0.0 0.400000000000000
51 0.0 0.200000000000000
46 -0.200000000000000 0.0
86 -0.400000000000000 0.0
3 -0.600000000000000 0.0
81 -0.800000000000000 0.0
124 -1.000000000000000 -0.200000000000000
61 -1.000000000000000 -0.400000000000000
98 -1.000000000000000 -0.600000000000000
64 -1.000000000000000 -0.800000000000000
74 0.480319246668453 -0.281112081891624
14 -0.270679735242748 -0.499685547143395
69 0.523622399611912 0.303110704695318
44 -0.867464720055371 -0.117652143519112
28 -0.841944202992755 -0.843869590012481
53 0.872933694254824 0.862579765306676
70 0.133084249665157 0.865571381967973
110 0.870996285197175 -0.868168404419945
99 0.135638216453464 -0.559025841436321
37 0.647034392377340 -0.653916412678448
4 0.368685421503134 0.662630684061764
91 -0.706302184448064 -0.495624584511139
19 0.635849539220297 -0.009209008700006
34 0.702468058571781 0.490430989623375
90 0.293976870566380 0.081498673434117
62 -0.274691855796618 -0.266865383472683
71 -0.299866346812021 -0.757824139761005
55 0.704210266624271 0.805865257664303
149 -0.009426514298923 -0.281910920815609
52 0.715661430481904 -0.257014813846252
26 0.771144915993701 0.228972468308284
59 0.257560991286589 0.399837215725542
27 0.373134161374783 -0.509513621279974
12 -0.545928930534720 -0.739885694793166
148 -0.559998032284106 -0.273134948672034
82 -0.032667924320137 -0.762293301677783
45 0.439234030717228 -0.086615639458398
132 0.529075093387143 -0.828626714359360
116 0.841830729595692 -0.698022854317856
25 0.172184131106444 0.687542967712502
79 0.570353162822863 0.617508800306113
87 0.860922273753278 0.706007944410123
127 -0.846604125740270 -0.493386831726374
105 0.852072594541110 0.534388285048977
115 0.126666817655497 0.128963279897330
131 -0.298880700418499 -0.882933792009642
72 -0.282001075541363 -0.125883188419740
29 0.186894590915347 -0.161494055610011
30 0.295326935074099 -0.729528076300502
144 0.817151625025085 -0.456057652475063
85 -0.112938915117042 -0.513467359824913
137 -0.716908705190064 -0.719996477951217
36 -0.835784364063728 -0.231442285510165
84 0.489222866225388 0.821326008035281
13 0.827880887981341 -0.047093131862148
40 0.481764996923049 0.123094842419965
1 0.714483763980974 -0.841813797630922
122 0.540928675595000 -0.463549584516053
80 0.418140842409491 0.463520046038762
42 -0.122907205392384 -0.170227297445250
63 -0.451471862373116 -0.571552181482550
65 -0.403707687341129 -0.374688655107885
118 0.599742930282301 -0.182529940306003
119 0.872478596418368 0.123228934031484
41 0.213098749751507 0.253157967153739
88 0.140164733568291 0.499605102275074
20 0.890931956356670 0.265577532446659
33 -0.413898145444188 -0.829555420125805
11 -0.409585094906860 -0.193735907367017
146 0.293711161011544 0.839733373272529
9 0.669703096008434 0.337107038775576
104 -0.178751243119546 -0.826152844352702
143 0.737496112047492 0.631485982520471
89 0.234464174146436 -0.432640202103380
100 -0.148457364055564 -0.363380541259650
134 0.082455738153375 -0.871077516836776
17 -0.672649735109195 -0.865419380334192
111 -0.703452723820383 -0.156302299060349
66 -0.174536944814040 -0.658660654142917
130 0.364162363871437 0.271119579723192
107 0.057701386493575 -0.155151605716147
102 0.637375091474613 0.179241721660787
141 0.842658678248500 -0.316505377433369
78 0.575917659230735 0.442913443435457
10 0.433634917244963 -0.658175099107372
114 0.381508053096251 -0.815018439136460
15 0.607943892836360 -0.315514917341779
24 -0.579441754522909 -0.443050243181360
106 0.157221206662027 -0.032256272665921
21 -0.407511089128998 -0.707958190196614
32 -0.625548528127734 -0.595037975005913
96 -0.729773078510344 -0.347176075456445
147 0.719846138885347 -0.139035643292900
75 0.271007288538650 0.543167425480029
121 0.141213992454938 0.364874447176156
35 0.269251463732249 -0.601311054848663
140 0.813605968932417 0.376284876612137
31 -0.001598344166878 -0.607826604558845
139 0.696472691385356 -0.507921932516671
5 -0.881884973445074 -0.334677265013935
150 -0.859645877313633 -0.676107498596329
47 -0.751083707574830 -0.596705830333365
120 0.032991167825659 -0.435350792926377
39 0.306016540955266 -0.246536133218264
94 0.142740685546360 -0.713216763724089
125 -0.321493251443858 -0.639523981965883
109 0.387306762164354 -0.387372186460230
108 0.250307902365469 -0.855359147196375
117 -0.275456363725587 -0.375821681463008
57 -0.527241852968623 -0.887131702266174
95 0.134984072752750 -0.285747309853619
54 -0.534491242726979 -0.124527802708878
77 -0.065810848966132 -0.892269211073698
23 0.821129877149630 -0.192987350575427
38 0.276901865903577 -0.089019081092777
83 0.777089149789804 -0.573247403359587
145 0.748148042033159 0.094398855317786
129 0.096110067279001 0.269742025215351
58 0.703154567612885 -0.387323044952845
92 0.886719869563806 -0.546035294902270
