556 103 126 110 2
127 112 113 70 3
395 115 93 106 3
155 81 135 44 1
7 51 93 115 3
490 28 7 17 1
138 7 133 17 1
535 104 136 77 1
310 134 73 108 2
405 137 28 17 1
103 138 97 132 2
192 132 97 1 2
1 97 103 1 2
399 17 133 57 1
101 2 136 131 1
435 18 76 53 3
6 144 101 141 2
45 13 128 119 3
430 110 60 116 2
58 55 16 84 3
314 101 142 141 2
311 142 128 13 2
571 119 8 20 3
60 50 123 105 3
468 123 18 87 3
143 53 56 55 3
406 16 48 84 3
100 70 43 25 3
109 131 136 104 1
476 64 6 28 1
67 45 90 38 3
296 122 74 109 2
10 93 46 42 1
179 46 86 72 1
123 72 86 11 1
71 11 86 54 1
543 6 7 28 1
122 3 81 111 1
391 43 67 25 3
474 25 67 88 3
312 44 124 36 1
217 60 68 116 2
74 88 49 121 3
181 8 50 20 3
29 135 124 44 1
473 61 98 127 1
484 22 73 134 2
297 127 98 150 1
510 76 56 53 3
572 56 16 55 3
513 113 43 70 3
300 121 49 129 3
464 126 60 110 2
366 116 68 92 2
294 45 74 118 2
57 36 124 5 1
542 103 110 1 2
343 118 74 15 2
22 84 48 146 3
182 48 112 146 3
466 66 14 125 1
95 63 14 65 1
339 65 14 117 1
159 80 69 78 3
578 112 70 146 3
53 18 53 87 3
234 31 99 120 2
372 9 69 102 3
360 42 62 100 1
561 81 44 111 1
451 35 99 94 2
463 98 64 150 1
377 40 69 130 3
313 79 55 84 3
539 13 19 147 2
526 86 3 54 1
407 68 101 92 2
538 128 8 119 3
207 45 19 40 3
462 79 34 143 3
486 79 4 80 3
472 41 90 130 3
293 39 45 38 2
440 89 99 35 2
265 131 71 33 1
401 136 22 77 1
555 64 28 150 1
292 127 91 96 1
369 132 37 10 2
250 85 14 66 1
518 80 59 130 3
356 42 149 107 1
429 122 27 10 2
497 73 138 108 2
308 122 37 139 2
128 116 37 1 2
437 67 49 88 3
402 80 4 75 3
259 20 50 140 3
587 87 55 143 3
530 53 55 87 3
295 55 79 143 3
15 24 91 32 1
274 24 148 96 1
193 105 34 140 3
185 123 87 105 3
449 107 149 95 2
575 115 90 41 3
432 33 71 21 1
309 21 71 125 1
19 72 62 42 1
25 65 62 11 1
452 89 27 109 2
149 90 115 106 3
98 31 82 94 2
594 138 132 114 2
376 141 142 23 2
239 141 52 58 2
316 39 29 95 2
345 104 82 66 1
112 133 2 57 1
166 32 91 47 1
273 124 61 5 1
175 61 127 5 1
570 25 4 146 3
269 4 79 84 3
338 139 37 83 2
540 40 19 102 3
184 102 19 145 3
541 90 45 40 3
194 37 132 1 2
559 110 116 1 2
48 27 122 109 2
61 37 116 83 2
579 88 59 75 3
11 9 34 78 3
519 100 85 120 1
21 46 72 42 1
417 137 12 32 1
241 14 85 100 1
272 111 36 96 1
566 65 148 24 1
251 19 45 118 2
131 118 52 147 2
470 69 40 102 3
110 119 26 145 3
231 90 40 130 3
361 49 51 129 3
505 41 59 121 3
87 4 25 75 3
224 9 26 140 3
27 26 119 20 3
413 2 131 33 1
190 63 12 21 1
384 62 72 11 1
288 148 65 11 1
354 70 25 146 3
65 4 84 146 3
569 34 79 78 3
284 50 105 140 3
471 134 82 77 1
414 71 131 104 1
147 105 87 143 3
76 34 105 143 3
537 10 27 35 2
107 74 45 39 2
504 149 42 100 1
26 100 62 117 1
557 66 82 31 1
302 114 30 108 2
256 12 137 17 1
588 33 12 57 1
133 44 36 111 1
554 111 148 54 1
390 99 89 120 2
134 71 104 66 1
438 69 80 130 3
598 59 41 130 3
108 120 89 95 2
242 93 42 107 1
156 19 13 145 3
350 26 9 102 3
415 139 144 58 2
116 147 52 23 2
411 79 80 78 3
563 69 9 78 3
31 94 134 108 2
106 37 122 10 2
252 10 30 114 2
378 132 10 114 2
478 74 122 15 2
20 52 118 15 2
119 91 127 47 1
32 63 65 24 1
323 107 29 106 2
368 93 107 106 2
456 14 63 125 1
458 12 33 21 1
514 12 63 32 1
216 63 24 32 1
457 148 111 96 1
56 91 24 96 1
202 142 13 23 2
93 19 118 147 2
447 59 80 75 3
524 25 88 75 3
278 51 115 129 3
286 59 88 121 3
225 27 89 35 2
187 30 10 35 2
69 26 20 140 3
336 34 9 140 3
359 82 134 94 2
475 85 66 31 1
205 15 122 58 2
161 144 141 58 2
489 96 36 5 1
421 127 96 5 1
220 150 137 47 1
154 28 137 150 1
219 137 32 47 1
550 127 150 47 1
299 149 100 120 1
229 85 31 120 1
349 106 29 38 2
280 29 107 95 2
271 30 35 94 2
416 99 31 94 2
233 71 66 125 1
258 63 21 125 1
334 39 89 109 2
94 74 39 109 2
16 138 114 108 2
83 30 94 108 2
488 62 65 117 1
120 14 100 117 1
118 2 33 57 1
47 12 17 57 1
465 149 120 95 2
580 89 39 95 2
130 148 11 54 1
144 3 111 54 1
381 82 104 77 1
132 22 134 77 1
508 52 141 23 2
13 13 147 23 2
445 90 106 38 3
261 29 39 38 2
593 83 116 92 2
363 144 139 83 2
388 13 119 145 3
167 26 102 145 3
23 115 41 129 3
34 41 121 129 3
387 52 15 58 2
213 122 139 58 2
403 101 144 92 2
337 144 83 92 2
